,preds,labels,feature
0,1,1,AILSS
1,1,1,GGGGGGGGGGDD
2,1,1,NININI
3,1,1,CKAKAQANM
4,1,1,CKAKAQANMWQ
5,1,1,FTISD
6,1,1,FFALGLAGKK
7,0,1,WRWRWR
8,1,1,FFGAAGLDGD
9,1,1,FKFEFKFEFKFE
10,1,1,AAAAAAAAAAAARR
11,1,1,VVVVVVDD
12,1,1,FFVDF
13,1,1,FFPLGLAGDD
14,1,1,GGGGGGDD
15,1,1,PRFRFRFRF
16,1,1,LLLLLLDD
17,1,1,KFKFQFNMWQ
18,1,1,KIKIQINMWQ
19,1,1,KKKIIIVVVAAAGGG
20,1,1,VVVGGGIIIAAAKKK
21,1,1,IVD
22,1,1,NYNYNYN
23,1,1,QYQYQYQ
24,1,1,GYGYGYG
25,1,1,CKIKIQIN
26,1,1,CKIKQIINM
27,1,1,KIKQIINM
28,1,1,SYVIIE
29,1,1,SVVIIE
30,1,1,STVIIY
31,1,1,STVIII
32,1,1,STLIIE
33,1,1,STFIIE
34,1,1,SQVIIE
35,1,1,NTVIIE
36,1,1,FTVIIE
37,1,1,ETVIIE
38,1,1,FLVHSS
39,1,1,KFFFE
40,1,1,SYCGY
41,0,1,RWLDY
42,0,0,RITTR
43,0,0,TTSGHTDTT
44,0,0,KIKQII
45,1,0,STVQIE
46,1,0,STVINE
47,0,0,STVILE
48,0,0,KTVIYE
49,1,0,YYTEFT
50,1,0,WSFYLL
51,0,0,VTLSQP
52,1,0,SDLSFS
53,0,0,PSDIEV
54,0,0,PKIQVY
55,1,0,NGKSNF
56,0,0,LKNGER
57,0,0,KWDRDM
58,0,0,IQRTPK
59,0,0,ERIEKV
60,0,0,DLLKNG
61,1,0,DIEVDL
62,1,0,FVNQHL
63,1,0,LIAGFN
64,0,0,DPDPD
65,0,0,YEPYK
66,1,1,NNQQNY
67,1,1,EFFAAE
68,1,1,QQEFQWQFRQQ
69,1,1,VQIVYK
70,1,1,FFKLVFF
71,1,1,LDFPI
72,1,1,AAAAAAK
73,1,1,GGGGGGGGDD
74,1,1,AAVVLLLWEEEEEEE
75,1,1,FFGALGLDGD
76,1,1,KLVFF
77,1,1,GFFL
78,1,1,GAVILRR
79,1,1,LLLLLLKK
80,1,1,NVQVVY
81,1,1,IKVAV
82,1,1,FGFDP
83,1,1,GAIL
84,1,1,KYF
85,1,1,FFGPAGLKGK
86,1,1,KKKGGGAAAVVVIII
87,1,1,LAVAGD
88,1,1,LIVAD
89,1,1,IVAD
90,0,1,SYSYSYS
91,0,1,SYSSYS
92,1,1,CKAKAQA
93,1,1,MKIKIQI
94,0,1,QMAVHV
95,1,1,YTVIIE
96,1,1,STVYIE
97,1,1,STVNIE
98,1,1,STVIIT
99,1,1,STVIIS
100,1,1,STVIIL
101,1,1,STVIIF
102,1,1,STVIID
103,1,1,STVEIE
104,1,1,SLVIIE
105,1,1,SGVIIE
106,1,1,SDVIIE
107,1,1,ITVIIE
108,0,1,KIVKWD
109,1,1,LVEALY
110,1,1,AAVVLLLW
111,1,1,FKFEF
112,1,1,VKVEV
113,1,1,KFAFD
114,0,0,PFTTR
115,1,0,AGAHASADA
116,1,0,STYIIE
117,1,0,STVVIE
118,1,0,STVSIE
119,0,0,STVPIE
120,0,0,STVISE
121,1,0,STVGIE
122,1,0,STPIIE
123,1,0,SPVIIE
124,1,0,KTVLIE
125,1,0,KTVIIE
126,0,0,VKWDRD
127,0,0,RVNHVT
128,0,0,PTEKDE
129,0,0,KVEHSD
130,0,0,KSNFLN
131,0,0,SLYQLE
132,0,0,SHLVEA
133,0,0,GSHLVE
134,0,0,GERGFF
135,0,0,FYTPKT
136,0,0,EALYLV
137,0,0,YTEYK
138,0,1,GGGGDD
139,1,1,GFFLGLDD
140,1,1,CEIEIQI
141,1,1,CEIEIQINM
142,1,1,KFFAAK
143,0,1,WRWRWRWR
144,1,1,CKFKFQFNMWQ
145,1,1,AAVVLLLWEE
146,1,1,CKIKIQINMWQ
147,1,1,CSISIQINM
148,1,1,FFGAAGLKGK
149,1,1,NVVVVY
150,1,1,SFSFSF
151,1,1,YFTEF
152,1,1,FFPLGLAGKK
153,1,1,FFSGHFDFF
154,1,1,GFIL
155,1,1,RFRFRFRF
156,1,1,KFKFQF
157,1,1,KFKFQFN
158,1,1,IIIVVVAAAGGGKKK
159,1,1,ILVAGD
160,1,1,LIVAGS
161,1,1,ILVAGS
162,1,1,AIVAGS
163,1,1,CKFKFQFNM
164,1,1,CKIKQII
165,1,1,CKIKQIINMWQ
166,1,1,YTIAALLSPYS
167,1,1,WTVIIE
168,1,1,VTVIIE
169,1,1,STVIYE
170,1,1,STVIIW
171,1,1,STVIIA
172,1,1,STVFIE
173,1,1,STNIIE
174,1,1,SSVIIE
175,1,1,SIVIIE
176,1,1,QTVIIE
177,1,1,GTVIIE
178,1,1,ATVIIE
179,0,1,NHVTLS
180,0,1,KDWSFY
181,1,1,VEALYL
182,1,1,VVVVV
183,0,1,KWEFY
184,1,1,FKIDF
185,1,1,KFFDY
186,1,0,RITWI
187,1,0,VKVKVKVK
188,0,0,STVITE
189,0,0,STVIGE
190,1,0,STVDIE
191,1,0,STTIIE
192,1,0,STIIIE
193,1,0,STGIIE
194,1,0,STAIIE
195,1,0,KTVIIT
196,0,0,SGFHPS
197,0,0,NGERIE
198,0,0,LSQPKI
199,0,0,FTPTEK
200,0,0,FHPSDI
201,0,0,AENGKS
202,0,0,NLGPVL
203,1,0,RVSVD
204,1,0,VKVKV
205,0,0,WKPYY
206,0,0,PTPCY
207,0,0,EPYYK
208,0,0,YDPKY
209,0,0,KDPYY
210,1,1,GGVVIA
211,1,1,FKFEFKFE
212,1,1,NFGAIL
213,1,1,YYACAYY
214,1,1,FAGFT
215,1,1,WRWRWRWRWR
216,1,1,KLVFFAE
217,1,1,FFGALGLKGK
218,1,1,FFGPLGLDGD
219,1,1,NVVQIY
220,1,1,VEVE
221,1,1,VVVVVVKK
222,1,1,YVNAKQYYRILKRRY
223,1,1,FGAIL
224,1,1,VVVVVVD
225,1,1,IIIK
226,1,1,LIVGD
227,1,1,IIIIIIKK
228,1,1,KAKAQAN
229,1,1,KAKAQANMWQ
230,1,1,KFG
231,1,1,FFGPLGLKGK
232,1,1,GGGAAAVVVIIIKKK
233,1,1,KKKAAAIIIGGGVVV
234,1,1,LIVAGD
235,1,1,LIVAGK
236,1,1,LIVAGT
237,1,1,IID
238,1,1,NYNNYN
239,1,1,KIKQIINMWQ
240,0,1,PPPPPPPPPPRRR
241,1,1,MKFKFQF
242,0,1,TTVIIE
243,0,1,STVTIE
244,1,1,STVIIV
245,1,1,STVIIQ
246,0,1,STVIFE
247,0,1,STSIIE
248,1,1,SFVIIE
249,1,1,SEVIIE
250,1,1,LTVIIE
251,1,1,DTVIIE
252,1,1,VKVFF
253,1,1,FFEKF
254,0,1,KWMDF
255,1,0,KAAGG
256,1,0,QIMRW
257,1,0,SWVIIE
258,0,0,STVIWE
259,0,0,STVIVE
260,0,0,STVIPE
261,1,0,STVIIP
262,0,0,STVIEE
263,1,0,STVIAE
264,1,0,STVAIE
265,0,0,KTVIVE
266,0,0,SRHPAE
267,0,0,LSFSKD
268,1,0,IQVYSR
269,0,0,HPAENG
270,0,0,FSKDWS
271,1,0,YQLENY
272,1,0,RGFFYT
273,1,0,HLVEAL
274,1,0,GFFYTP
275,1,0,KKFDD
276,0,0,KVKVK
277,0,0,KDHFY
278,1,1,YVIFL
279,1,1,CEIEIQINMWQ
280,0,1,ISDNL
281,1,1,FFVLK
282,1,1,CSISIQI
283,1,1,GFFLG
284,1,1,AAAAAAD
285,1,1,YVVFV
286,0,1,ITSVV
287,1,1,VVEE
288,1,1,FFGPAGLDGD
289,1,1,DFY
290,1,1,YVVFL
291,1,1,VVVVVVK
292,0,1,SSTSAA
293,0,1,GNNQQNY
294,1,1,FGFHFSFDF
295,1,1,WVNAKQYWRILKRRW
296,1,1,NNVVNY
297,1,1,KAKAQA
298,1,1,KIKIQINM
299,1,1,KLDLKLDLKLDL
300,1,1,LIVAAD
301,1,1,AIVAGD
302,1,1,LIVAGE
303,1,1,AIVAGT
304,1,1,QYQQYQ
305,1,1,LFF
306,1,1,CKFKFQF
307,1,1,CKIKIQI
308,1,1,NFGSVQ
309,1,1,YFCFY
310,0,1,STVWIE
311,0,1,STVLIE
312,1,1,STVIIN
313,1,1,STVIIM
314,1,1,STVIIE
315,0,1,STQIIE
316,0,1,STEIIE
317,1,1,SNVIIE
318,1,1,SMVIIE
319,1,1,SAVIIE
320,1,1,MTVIIE
321,0,1,LLYYTE
322,1,1,FYLLYY
323,0,1,LYQLEN
324,0,0,PLVKA
325,0,0,TGTHTSTDT
326,1,0,AASGHADAA
327,1,0,KIKIQI
328,0,0,STVMIE
329,0,0,STVIQE
330,0,0,STVIME
331,0,0,STVIDE
332,0,0,STMIIE
333,0,0,STDIIE
334,0,0,PTVIIE
335,1,0,YVSGFH
336,0,0,VYSRHP
337,0,0,TEFTPT
338,0,0,RTPKIQ
339,0,0,QPKIVK
340,0,0,IEKVEH
341,0,0,EVDLLK
342,0,0,EKDEYA
343,0,0,EHSDLS
344,1,0,FFYTPK
345,1,0,ERGFFY
346,0,0,PPPHY
