,preds,labels,feature
0,1,1,QQEFQWQFRQQ
1,1,1,CKFKFQFNMWQ
2,1,1,AAVVLLLWEE
3,1,1,FFGAAGLDGD
4,1,1,WRWRWRWRWR
5,1,1,FFGPLGLDGD
6,1,1,FKFEFKFEFKFE
7,1,1,CKIKQIINM
8,1,1,FFGALGLDGD
9,1,1,FGFHFSFDF
10,1,1,PRFRFRFRF
11,1,1,KAKAQANMWQ
12,1,1,KFKFQFNMWQ
13,1,1,KLDLKLDLKLDL
14,1,1,FFGPAGLKGK
15,1,1,CKFKFQFNM
16,1,1,CKIKQIINMWQ
17,1,1,GGGGGGGGDD
18,1,1,FFGALGLKGK
19,1,1,KIKIQINMWQ
20,1,1,FFGPLGLKGK
21,0,1,PPPPPPPPPPRRR
22,1,1,YTIAALLSPYS
23,0,0,TTSGHTDTT
24,1,0,AASGHADAA
25,1,1,CEIEIQINM
26,1,1,CKAKAQANMWQ
27,1,1,CKIKIQINMWQ
28,1,1,CSISIQINM
29,1,1,FFGAAGLKGK
30,1,1,FFPLGLAGKK
31,1,1,FFSGHFDFF
32,1,1,KIKQIINMWQ
33,1,1,GGGGGGGGGGDD
34,1,1,CEIEIQINMWQ
35,1,1,CKAKAQANM
36,1,1,FFALGLAGKK
37,1,1,FFGPAGLDGD
38,1,1,FFPLGLAGDD
39,0,0,TGTHTSTDT
40,1,0,AGAHASADA
