,preds,labels,feature
0,1,1,CKAKAQANMWQ
1,0,1,VQIVYK
2,1,1,AAVVLLLWEE
3,1,1,CKIKIQINMWQ
4,1,1,FFALGLAGKK
5,0,1,WRWRWR
6,1,1,FFGALGLKGK
7,1,1,FFGPLGLDGD
8,1,1,AAAAAAAAAAAARR
9,1,1,VVVVVVK
10,0,1,SSTSAA
11,1,1,VVVVVVD
12,1,1,PRFRFRFRF
13,1,1,IIIIIIKK
14,1,1,KIKIQINM
15,1,1,LIVAGT
16,1,1,NYNNYN
17,1,1,CKFKFQF
18,1,1,CKIKIQIN
19,1,1,CKIKQII
20,1,1,NFGSVQ
21,0,1,STVLIE
22,1,1,STVIIS
23,1,1,STVIIQ
24,0,1,STVEIE
25,0,1,STQIIE
26,0,1,STEIIE
27,1,1,SSVIIE
28,1,1,SLVIIE
29,1,1,NTVIIE
30,0,1,LLYYTE
31,0,1,VEALYL
32,1,0,AGAHASADA
33,0,0,KIKIQI
34,0,0,STVILE
35,0,0,STVIEE
36,0,0,STVAIE
37,0,0,STTIIE
38,0,0,STDIIE
39,0,0,NGKSNF
40,0,0,LSFSKD
41,0,0,KVEHSD
42,1,0,IQVYSR
43,0,0,FSKDWS
44,0,0,FHPSDI
45,0,0,EHSDLS
46,0,0,FYTPKT
47,1,0,ERGFFY
48,0,1,GGGGDD
49,1,1,GFFLGLDD
50,1,1,NNQQNY
51,1,1,CEIEIQINM
52,1,1,EFFAAE
53,1,1,GGVVIA
54,1,1,FFGAAGLDGD
55,1,1,LLLLLLKK
56,1,1,VVVVVVKK
57,1,1,FFPLGLAGDD
58,1,1,GNNQQNY
59,1,1,FFPLGLAGKK
60,1,1,FGFHFSFDF
61,1,1,RFRFRFRF
62,0,1,GGGGGGDD
63,1,1,KFKFQFN
64,1,1,KFKFQFNMWQ
65,0,1,KLDLKLDLKLDL
66,1,1,FFGPLGLKGK
67,1,1,FFGPAGLKGK
68,1,1,AIVAGD
69,1,1,LIVAGE
70,1,1,LIVAGK
71,1,1,AIVAGT
72,1,1,NYNYNYN
73,1,1,QYQQYQ
74,1,1,CKAKAQA
75,1,1,CKIKQIINM
76,1,1,KIKQIINMWQ
77,1,1,MKFKFQF
78,1,1,YTIAALLSPYS
79,1,1,WTVIIE
80,0,1,STVTIE
81,1,1,STVIIT
82,1,1,STVIII
83,1,1,SGVIIE
84,1,1,MTVIIE
85,0,1,NHVTLS
86,1,1,LYQLEN
87,1,1,AAVVLLLW
88,0,0,VKVKVKVK
89,0,0,STVIWE
90,0,0,STVITE
91,0,0,STVINE
92,0,0,STVGIE
93,0,0,STMIIE
94,0,0,KTVIIT
95,0,0,YYTEFT
96,0,0,TEFTPT
97,0,0,LKNGER
98,0,0,KSNFLN
99,0,0,FTPTEK
100,0,0,EVDLLK
101,0,0,EKDEYA
102,0,0,DLLKNG
103,0,0,DIEVDL
104,0,0,GERGFF
105,0,0,EALYLV
106,0,0,NLGPVL
107,1,0,LIAGFN
108,1,1,CEIEIQI
109,1,1,GGGGGGGGGGDD
110,1,1,NININI
111,1,1,NFGAIL
112,1,1,CKAKAQANM
113,1,1,AAAAAAK
114,1,1,NVVVVY
115,1,1,NVVQIY
116,1,1,NNVVNY
117,1,1,LIVAGD
118,1,1,ILVAGD
119,1,1,LIVAAD
120,1,1,LIVAGS
121,1,1,AIVAGS
122,1,1,CKFKFQFNM
123,1,1,CKIKIQI
124,1,1,CKIKQIINMWQ
125,0,1,PPPPPPPPPPRRR
126,0,1,QMAVHV
127,1,1,TTVIIE
128,1,1,SVVIIE
129,0,1,STVWIE
130,1,1,STVIIL
131,0,1,STVIFE
132,1,1,SIVIIE
133,1,1,SFVIIE
134,1,1,QTVIIE
135,1,1,GTVIIE
136,1,1,ETVIIE
137,1,1,ATVIIE
138,0,1,KIVKWD
139,0,1,KDWSFY
140,0,1,FLVHSS
141,1,0,STYIIE
142,0,0,STVIQE
143,0,0,STVIIP
144,0,0,STVIAE
145,1,0,STVDIE
146,0,0,STGIIE
147,0,0,STAIIE
148,1,0,KTVLIE
149,0,0,KTVIIE
150,0,0,VYSRHP
151,0,0,PTEKDE
152,0,0,PSDIEV
153,1,0,NGERIE
154,0,0,LSQPKI
155,0,0,IQRTPK
156,0,0,IEKVEH
157,0,0,HPAENG
158,0,0,ERIEKV
159,0,0,AENGKS
160,0,0,FVNQHL
161,1,1,FKFEFKFE
162,1,1,CEIEIQINMWQ
163,1,1,YYACAYY
164,1,1,CSISIQI
165,1,1,CSISIQINM
166,1,1,FFGAAGLKGK
167,1,1,KLVFFAE
168,1,1,FKFEFKFEFKFE
169,1,1,VVVVVVDD
170,1,1,NVQVVY
171,1,1,KAKAQANMWQ
172,1,1,KFKFQF
173,1,1,KIKIQINMWQ
174,1,1,ILVAGS
175,1,1,GYGYGYG
176,1,1,KIKQIINM
177,1,1,VTVIIE
178,1,1,SYVIIE
179,1,1,STVYIE
180,1,1,STVNIE
181,0,1,STVIYE
182,1,1,STVIIY
183,1,1,STVIIV
184,1,1,STVIIN
185,1,1,STVIIM
186,1,1,STVIIF
187,1,1,STVIID
188,1,1,STVIIA
189,0,1,STNIIE
190,0,1,STFIIE
191,1,1,SNVIIE
192,1,1,SEVIIE
193,1,1,ITVIIE
194,1,1,FYLLYY
195,0,0,TTSGHTDTT
196,0,0,KIKQII
197,1,0,SWVIIE
198,1,0,STVVIE
199,1,0,STVQIE
200,0,0,STVPIE
201,0,0,STVMIE
202,0,0,STVIVE
203,0,0,STVISE
204,0,0,STVIGE
205,0,0,STVIDE
206,0,0,YVSGFH
207,1,0,WSFYLL
208,0,0,SGFHPS
209,0,0,RVNHVT
210,0,0,QPKIVK
211,0,0,KWDRDM
212,1,0,YQLENY
213,1,0,HLVEAL
214,0,0,GSHLVE
215,1,0,FFYTPK
216,0,1,KFFAAK
217,1,1,QQEFQWQFRQQ
218,1,1,WRWRWRWR
219,1,1,CKFKFQFNMWQ
220,1,1,FFKLVFF
221,1,1,AAAAAAD
222,1,1,GGGGGGGGDD
223,1,1,FFGALGLDGD
224,1,1,WRWRWRWRWR
225,1,1,GAVILRR
226,1,1,SFSFSF
227,1,1,FFGPAGLDGD
228,1,1,FFSGHFDFF
229,1,1,LLLLLLDD
230,0,1,KAKAQA
231,1,1,KAKAQAN
232,1,1,LAVAGD
233,1,1,QYQYQYQ
234,1,1,SYSYSYS
235,1,1,SYSSYS
236,1,1,MKIKIQI
237,1,1,YTVIIE
238,1,1,STVIIW
239,1,1,STVIIE
240,1,1,STVFIE
241,0,1,STSIIE
242,0,1,STLIIE
243,1,1,SQVIIE
244,1,1,SMVIIE
245,1,1,SDVIIE
246,1,1,SAVIIE
247,1,1,LTVIIE
248,1,1,FTVIIE
249,1,1,DTVIIE
250,0,1,LVEALY
251,0,0,TGTHTSTDT
252,0,0,AASGHADAA
253,1,0,STVSIE
254,0,0,STVIPE
255,0,0,STVIME
256,0,0,STPIIE
257,1,0,STIIIE
258,1,0,SPVIIE
259,1,0,PTVIIE
260,0,0,KTVIYE
261,0,0,KTVIVE
262,0,0,VTLSQP
263,1,0,VKWDRD
264,0,0,SRHPAE
265,1,0,SDLSFS
266,0,0,RTPKIQ
267,0,0,PKIQVY
268,0,0,SLYQLE
269,0,0,SHLVEA
270,0,0,RGFFYT
271,1,0,GFFYTP
