,preds,labels,feature
0,1,1,AEAEAEAEAKAKAKAK
1,1,1,QEIARLEQEIARLEYEIARLE
2,1,1,INHVGGTGGAIMAPVAVTRQLVGS
3,1,1,RADARADARADARADA
4,1,1,VKVRVRVRVPPTRVRVRVKV
5,1,1,VRVRVRVRVPPTRVRVRVRV
6,1,1,KASAKAEAKAEAKASA
7,1,1,KKSLSLSLSLSLSLKK
8,1,1,RARADADARARADADA
9,1,1,RATARAEARATARAEA
10,1,1,AEAEAKAKAEAEAKAK
11,1,1,SAEAKAEAKAEASAEA
12,1,1,VKVKVKVRVPPTRVKVKVKV
13,1,1,MEMEMKMKMEMEMKMK
14,0,1,PPPPPPPPPPRKKRRQRRR
15,1,1,RADARADFRADARADA
16,1,1,RATARAEFRATARAEA
17,1,1,VKVKVRVRVPPTRVRVKVKV
18,1,1,AAKAAAKAAAKAAAKA
19,1,1,RADFRADARADARADA
20,1,0,VKVKVKVKVDPPTKVEVKVKV
