,preds,labels,feature
0,1,1,YVIFL
1,1,1,QQEFQWQFRQQ
2,1,1,YYACAYY
3,1,1,CKFKFQFNMWQ
4,1,1,AAVVLLLWEE
5,1,1,CSISIQI
6,1,1,GFFLG
7,1,1,AAAAAAD
8,1,1,FFGAAGLDGD
9,1,1,WRWRWRWRWR
10,1,1,GAVILRR
11,1,1,FFGPLGLDGD
12,1,1,FKFEFKFEFKFE
13,0,1,SSTSAA
14,1,1,AEAEAKAKAEAEAKAK
15,1,1,VVVVVVKK
16,1,1,YVNAKQYYRILKRRY
17,1,1,NVQVVY
18,1,1,GFIL
19,1,1,GAIL
20,1,1,KKKIIIVVVAAAGGG
21,1,1,VVVGGGIIIAAAKKK
22,1,1,ILVAGS
23,1,1,IVAD
24,1,1,QYQYQYQ
25,1,1,NYNNYN
26,1,1,CKAKAQA
27,1,1,CKIKIQIN
28,1,1,CKIKQIINM
29,0,1,QMAVHV
30,1,1,YFCFY
31,1,1,STVIIT
32,1,1,STVIIL
33,1,1,STVIIE
34,1,1,STVIID
35,1,1,STVFIE
36,0,1,STVEIE
37,0,1,STQIIE
38,0,1,SQVIIE
39,1,1,SMVIIE
40,1,1,SIVIIE
41,1,1,NTVIIE
42,1,1,ITVIIE
43,1,1,GTVIIE
44,1,1,ATVIIE
45,1,1,VVVVV
46,1,1,FKIDF
47,0,0,PLVKA
48,0,0,STVPIE
49,1,0,STVMIE
50,0,0,STVIEE
51,0,0,STVGIE
52,0,0,STVDIE
53,1,0,STTIIE
54,1,0,STMIIE
55,1,0,STIIIE
56,0,0,KTVIYE
57,1,0,YYTEFT
58,0,0,VYSRHP
59,0,0,LSQPKI
60,0,0,KVEHSD
61,0,0,IQRTPK
62,0,0,HPAENG
63,1,0,DIEVDL
64,0,0,GSHLVE
65,1,0,EALYLV
66,0,0,NLGPVL
67,1,0,LIAGFN
68,0,0,DPDPD
69,0,0,YTEYK
70,0,0,YEPYK
71,0,1,AILSS
72,1,1,NFGAIL
73,0,1,WRWRWR
74,1,1,AAVVLLLWEEEEEEE
75,1,1,FFGALGLDGD
76,1,1,SFSFSF
77,1,1,KLVFFAE
78,1,1,NVVQIY
79,1,1,YVVFL
80,1,1,FFVDF
81,1,1,FGAIL
82,1,1,FGFHFSFDF
83,0,1,PRFRFRFRF
84,1,1,LLLLLLDD
85,1,1,KAKAQANMWQ
86,1,1,KFKFQFN
87,1,1,KFKFQFNMWQ
88,1,1,KLDLKLDLKLDL
89,1,1,FFGPAGLKGK
90,0,1,KKKGGGAAAVVVIII
91,1,1,LAVAGD
92,1,1,AIVAGS
93,1,1,GYGYGYG
94,1,1,QYQQYQ
95,1,1,CKFKFQFNM
96,1,1,CKIKQII
97,1,1,CKIKQIINMWQ
98,1,1,KASAKAEAKAEAKASA
99,1,1,RADARADFRADARADA
100,1,1,WTVIIE
101,1,1,STVWIE
102,0,1,STVTIE
103,1,1,STVNIE
104,0,1,STVIYE
105,1,1,STVIIY
106,1,1,STVIIV
107,1,1,STVIII
108,1,1,STSIIE
109,1,1,SGVIIE
110,1,1,MTVIIE
111,1,1,FTVIIE
112,0,1,LLYYTE
113,1,1,AAVVLLLW
114,1,1,FKFEF
115,1,1,KFFFE
116,1,1,KWEFY
117,1,1,KFFDY
118,0,0,KIKQII
119,1,0,SWVIIE
120,0,0,STVQIE
121,0,0,STVITE
122,0,0,STVIQE
123,0,0,STVIPE
124,1,0,STVIIP
125,0,0,STVIAE
126,0,0,KTVLIE
127,0,0,KTVIIE
128,0,0,YVSGFH
129,0,0,PTEKDE
130,0,0,PSDIEV
131,1,0,KSNFLN
132,0,0,FHPSDI
133,0,0,EKDEYA
134,0,0,AENGKS
135,0,0,RGFFYT
136,1,0,HLVEAL
137,1,0,GFFYTP
138,0,0,GERGFF
139,1,0,KKFDD
140,0,0,PTPCY
141,0,0,EPYYK
142,1,1,AEAEAEAEAKAKAKAK
143,1,1,EFFAAE
144,1,1,GGVVIA
145,1,1,NININI
146,0,1,ISDNL
147,1,1,FTISD
148,1,1,FFKLVFF
149,1,1,LDFPI
150,1,1,FFVLK
151,1,1,AAAAAAK
152,1,1,GGGGGGGGDD
153,1,1,RARADADARARADADA
154,1,1,VVEE
155,1,1,KLVFF
156,1,1,FFGALGLKGK
157,1,1,YFTEF
158,1,1,VEVE
159,1,1,WVNAKQYWRILKRRW
160,1,1,RFRFRFRF
161,1,1,LIVGD
162,1,1,KAKAQA
163,1,1,KIKIQINMWQ
164,1,1,FFGPLGLKGK
165,1,1,GGGAAAVVVIIIKKK
166,1,1,LIVAGD
167,1,1,ILVAGD
168,1,1,LIVAGE
169,1,1,LIVAGS
170,1,1,SYSYSYS
171,1,1,MKIKIQI
172,0,1,PPPPPPPPPPRRR
173,1,1,MKFKFQF
174,1,1,RADFRADARADARADA
175,1,1,RATARAEARATARAEA
176,1,1,NFGSVQ
177,1,1,SAEAKAEAKAEASAEA
178,1,1,YTIAALLSPYS
179,1,1,TTVIIE
180,0,1,STVYIE
181,1,1,STVIIW
182,1,1,STVIIF
183,1,1,SNVIIE
184,1,1,SFVIIE
185,1,1,DTVIIE
186,0,1,NHVTLS
187,0,1,LYQLEN
188,0,1,KKSLSLSLSLSLSLKK
189,1,1,VKVFF
190,1,1,FFEKF
191,0,0,RITTR
192,0,0,RITWI
193,0,0,TTSGHTDTT
194,0,0,AASGHADAA
195,1,0,STVSIE
196,1,0,STVIWE
197,0,0,STVIVE
198,1,0,STVISE
199,0,0,STPIIE
200,0,0,STGIIE
201,0,0,STAIIE
202,0,0,KTVIVE
203,0,0,TEFTPT
204,0,0,SRHPAE
205,1,0,SDLSFS
206,0,0,RVNHVT
207,0,0,PKIQVY
208,0,0,NGKSNF
209,0,0,LKNGER
210,1,0,IQVYSR
211,0,0,FSKDWS
212,0,0,RVSVD
213,0,0,PPPHY
214,0,0,KDPYY
215,0,1,GGGGDD
216,1,1,CEIEIQI
217,1,1,CEIEIQINM
218,1,1,KFFAAK
219,1,1,CKAKAQANMWQ
220,1,1,CKIKIQINMWQ
221,1,1,CSISIQINM
222,1,1,YVVFV
223,1,1,FFGAAGLKGK
224,1,1,ITSVV
225,1,1,VVVVVVDD
226,1,1,FFPLGLAGKK
227,1,1,FFSGHFDFF
228,1,1,VVVVVVD
229,1,1,RADARADARADARADA
230,1,1,GGGGGGDD
231,1,1,IIIK
232,1,1,NNVVNY
233,1,1,KAKAQAN
234,1,1,KFKFQF
235,1,1,IIIVVVAAAGGGKKK
236,1,1,AIVAGD
237,1,1,AIVAGT
238,1,1,MEMEMKMKMEMEMKMK
239,1,1,NYNYNYN
240,1,1,SYSSYS
241,1,1,CKIKIQI
242,1,1,KIKQIINMWQ
243,1,1,RATARAEFRATARAEA
244,1,1,YTVIIE
245,1,1,VTVIIE
246,1,1,SYVIIE
247,1,1,STVLIE
248,1,1,STVIIS
249,1,1,STVIIQ
250,1,1,STVIIN
251,1,1,STVIIM
252,0,1,STVIFE
253,1,1,STNIIE
254,1,1,SLVIIE
255,1,1,SEVIIE
256,1,1,SDVIIE
257,1,1,SAVIIE
258,1,1,LTVIIE
259,0,1,KDWSFY
260,1,1,FLVHSS
261,1,1,KFAFD
262,0,0,KAAGG
263,0,0,PFTTR
264,0,0,STVVIE
265,0,0,STVILE
266,0,0,STVIDE
267,0,0,STDIIE
268,0,0,SPVIIE
269,0,0,PTVIIE
270,1,0,VKWDRD
271,0,0,SGFHPS
272,0,0,QPKIVK
273,0,0,LSFSKD
274,0,0,KWDRDM
275,0,0,FTPTEK
276,0,0,ERIEKV
277,0,0,EHSDLS
278,0,0,SLYQLE
279,0,0,SHLVEA
280,1,0,FVNQHL
281,0,0,ERGFFY
282,1,0,VKVKV
283,0,0,KVKVK
284,1,1,GFFLGLDD
285,1,1,NNQQNY
286,1,1,GGGGGGGGGGDD
287,1,1,FKFEFKFE
288,1,1,CEIEIQINMWQ
289,1,1,WRWRWRWR
290,1,1,CKAKAQANM
291,1,1,VQIVYK
292,1,1,FFALGLAGKK
293,1,1,FAGFT
294,1,1,GFFL
295,1,1,NVVVVY
296,1,1,FFGPAGLDGD
297,1,1,LLLLLLKK
298,1,1,AAAAAAAAAAAARR
299,1,1,VVVVVVK
300,1,1,FFPLGLAGDD
301,0,1,GNNQQNY
302,1,1,IKVAV
303,1,1,FGFDP
304,1,1,IIIIIIKK
305,1,1,KIKIQINM
306,1,1,KKKAAAIIIGGGVVV
307,1,1,LIVAAD
308,1,1,LIVAGK
309,1,1,LIVAGT
310,1,1,LIVAD
311,1,1,AAKAAAKAAAKAAAKA
312,1,1,CKFKFQF
313,1,1,KIKQIINM
314,1,1,PPPPPPPPPPRKKRRQRRR
315,1,1,SVVIIE
316,1,1,STVIIA
317,0,1,STLIIE
318,1,1,STFIIE
319,0,1,STEIIE
320,1,1,SSVIIE
321,1,1,QTVIIE
322,1,1,ETVIIE
323,0,1,KIVKWD
324,1,1,FYLLYY
325,1,1,VEALYL
326,1,1,LVEALY
327,0,1,VKVEV
328,1,1,SYCGY
329,0,1,RWLDY
330,0,1,KWMDF
331,1,0,QIMRW
332,0,0,TGTHTSTDT
333,1,0,AGAHASADA
334,0,0,KIKIQI
335,0,0,VKVKVKVK
336,1,0,STYIIE
337,0,0,STVINE
338,0,0,STVIME
339,0,0,STVIGE
340,1,0,STVAIE
341,0,0,KTVIIT
342,1,0,WSFYLL
343,0,0,VTLSQP
344,0,0,RTPKIQ
345,0,0,NGERIE
346,0,0,IEKVEH
347,0,0,EVDLLK
348,0,0,DLLKNG
349,1,0,YQLENY
350,0,0,FYTPKT
351,0,0,FFYTPK
352,0,0,WKPYY
353,0,0,KDHFY
354,0,0,YDPKY
