,preds,labels,feature
0,1,1,GFFLGLDD
1,1,1,NININI
2,1,1,ISDNL
3,1,1,FTISD
4,1,1,CKIKIQINMWQ
5,1,1,AAAAAAK
6,1,1,CSISIQINM
7,1,1,GGGGGGGGDD
8,1,1,FAGFT
9,1,1,WRWRWR
10,1,1,FFGALGLDGD
11,1,1,GAVILRR
12,1,1,LLLLLLKK
13,1,1,NVQVVY
14,1,1,VVVVVVD
15,1,1,PRFRFRFRF
16,1,1,NNVVNY
17,1,1,FFGPLGLKGK
18,1,1,LAVAGD
19,1,1,ILVAGS
20,1,1,LIVAGT
21,1,1,AIVAGT
22,1,1,GYGYGYG
23,1,1,NYNNYN
24,1,1,CKFKFQF
25,1,1,CKIKQIINMWQ
26,1,1,MKIKIQI
27,1,1,PPPPPPPPPPRRR
28,1,1,YTVIIE
29,1,1,STVIIV
30,1,1,STVIII
31,1,1,STVIIF
32,1,1,STFIIE
33,0,1,STEIIE
34,1,1,SDVIIE
35,1,1,ITVIIE
36,0,1,ETVIIE
37,0,1,LLYYTE
38,0,1,KIVKWD
39,1,1,LVEALY
40,1,1,FKFEF
41,0,0,RITTR
42,0,0,VKVKVKVK
43,1,0,STVVIE
44,0,0,STVQIE
45,0,0,STVIVE
46,0,0,STVINE
47,1,0,STVIIP
48,0,0,STVGIE
49,0,0,STPIIE
50,1,0,STIIIE
51,1,0,SPVIIE
52,0,0,PTVIIE
53,0,0,KTVIIE
54,1,0,WSFYLL
55,0,0,VYSRHP
56,0,0,QPKIVK
57,0,0,PSDIEV
58,0,0,LSFSKD
59,0,0,KVEHSD
60,0,0,FHPSDI
61,0,0,EVDLLK
62,1,0,LIAGFN
63,0,0,KDHFY
64,0,0,KDPYY
65,1,1,NNQQNY
66,1,1,AILSS
67,1,1,EFFAAE
68,1,1,GGGGGGGGGGDD
69,1,1,CEIEIQINMWQ
70,1,1,YYACAYY
71,1,1,CKFKFQFNMWQ
72,1,1,VQIVYK
73,1,1,YVVFV
74,1,1,FFGAAGLDGD
75,1,1,FFGAAGLKGK
76,1,1,NVVVVY
77,1,1,KLVFFAE
78,1,1,FFGPLGLDGD
79,1,1,KAKAQAN
80,1,1,KFKFQFNMWQ
81,1,1,LIVAGD
82,0,1,SYSYSYS
83,1,1,QYQQYQ
84,1,1,CKIKQII
85,1,1,MKFKFQF
86,1,1,NFGSVQ
87,1,1,YFCFY
88,1,1,WTVIIE
89,0,1,TTVIIE
90,0,1,STVYIE
91,0,1,STVTIE
92,0,1,STVIYE
93,0,1,STVIIT
94,1,1,STVIIS
95,1,1,STVIIQ
96,1,1,STVIIM
97,0,1,STVIIE
98,0,1,STNIIE
99,1,1,SFVIIE
100,1,1,VKVFF
101,1,1,KWEFY
102,1,1,FKIDF
103,0,1,KWMDF
104,1,0,QIMRW
105,1,0,RITWI
106,0,0,TGTHTSTDT
107,1,0,AGAHASADA
108,1,0,KIKQII
109,0,0,STVIEE
110,0,0,STVDIE
111,0,0,STTIIE
112,0,0,STAIIE
113,0,0,KTVLIE
114,0,0,VTLSQP
115,0,0,SDLSFS
116,1,0,NGKSNF
117,1,0,IQVYSR
118,0,0,IEKVEH
119,1,0,DLLKNG
120,1,0,DIEVDL
121,1,0,YQLENY
122,0,0,SLYQLE
123,1,0,HLVEAL
124,1,0,FVNQHL
125,1,0,RVSVD
126,0,0,PTPCY
127,0,0,YEPYK
128,1,1,YVIFL
129,1,1,CEIEIQINM
130,1,1,KFFAAK
131,1,1,GGVVIA
132,1,1,NFGAIL
133,1,1,CKAKAQANM
134,1,1,LDFPI
135,1,1,FFVLK
136,1,1,CSISIQI
137,1,1,GFFLG
138,1,1,FFALGLAGKK
139,1,1,AAAAAAD
140,1,1,FFGPAGLDGD
141,1,1,AAAAAAAAAAAARR
142,1,1,VVVVVVDD
143,1,1,GNNQQNY
144,1,1,FFPLGLAGKK
145,1,1,FFSGHFDFF
146,1,1,LIVGD
147,0,1,KAKAQA
148,1,1,KAKAQANMWQ
149,1,1,KIKIQINMWQ
150,1,1,LIVAGS
151,1,1,CKIKQIINM
152,0,1,QMAVHV
153,1,1,STVWIE
154,1,1,STVLIE
155,1,1,STVIIW
156,1,1,STVIIL
157,1,1,STVIID
158,1,1,STVFIE
159,0,1,STVEIE
160,0,1,STSIIE
161,0,1,STQIIE
162,1,1,SNVIIE
163,1,1,QTVIIE
164,1,1,MTVIIE
165,1,1,FTVIIE
166,1,1,ATVIIE
167,1,1,AAVVLLLW
168,1,1,KFAFD
169,1,1,SYCGY
170,0,0,PLVKA
171,1,0,STYIIE
172,0,0,STVITE
173,0,0,STVISE
174,0,0,STVIME
175,1,0,STVAIE
176,0,0,KTVIYE
177,0,0,YVSGFH
178,0,0,RVNHVT
179,0,0,RTPKIQ
180,0,0,PTEKDE
181,0,0,PKIQVY
182,1,0,NGERIE
183,0,0,KSNFLN
184,0,0,FTPTEK
185,0,0,EKDEYA
186,0,0,EHSDLS
187,0,0,AENGKS
188,0,0,SHLVEA
189,1,0,GERGFF
190,1,0,NLGPVL
191,0,0,DPDPD
192,0,0,EPYYK
193,0,0,YDPKY
194,1,1,FFKLVFF
195,1,1,KLVFF
196,1,1,SFSFSF
197,1,1,YFTEF
198,1,1,FKFEFKFEFKFE
199,1,1,YVVFL
200,1,1,VVVVVVK
201,0,1,SSTSAA
202,1,1,FFVDF
203,1,1,VVVVVVKK
204,1,1,FFPLGLAGDD
205,1,1,FGAIL
206,1,1,RFRFRFRF
207,1,1,FGFDP
208,1,1,KFKFQFN
209,1,1,ILVAGD
210,1,1,AIVAGD
211,1,1,LIVAGK
212,1,1,QYQYQYQ
213,1,1,CKAKAQA
214,1,1,CKFKFQFNM
215,1,1,CKIKIQIN
216,1,1,SYVIIE
217,1,1,SVVIIE
218,1,1,STVIIN
219,1,1,STVIIA
220,0,1,STVIFE
221,1,1,STLIIE
222,1,1,SQVIIE
223,1,1,SLVIIE
224,1,1,SIVIIE
225,1,1,SEVIIE
226,1,1,SAVIIE
227,1,1,NTVIIE
228,1,1,LTVIIE
229,1,1,GTVIIE
230,1,1,FYLLYY
231,1,1,LYQLEN
232,1,1,VVVVV
233,1,1,KFFFE
234,1,1,FFEKF
235,1,1,KFFDY
236,1,0,KAAGG
237,0,0,PFTTR
238,0,0,TTSGHTDTT
239,1,0,AASGHADAA
240,1,0,KIKIQI
241,0,0,STVIWE
242,0,0,STVIQE
243,1,0,STGIIE
244,0,0,STDIIE
245,1,0,KTVIIT
246,0,0,LKNGER
247,0,0,IQRTPK
248,0,0,HPAENG
249,1,0,FSKDWS
250,0,0,ERIEKV
251,0,0,FYTPKT
252,1,0,FFYTPK
253,0,0,ERGFFY
254,1,0,EALYLV
255,1,0,KKFDD
256,0,0,PPPHY
257,0,0,YTEYK
258,0,1,GGGGDD
259,1,1,CEIEIQI
260,1,1,FKFEFKFE
261,1,1,QQEFQWQFRQQ
262,1,1,WRWRWRWR
263,1,1,CKAKAQANMWQ
264,1,1,AAVVLLLWEE
265,0,1,ITSVV
266,1,1,WRWRWRWRWR
267,1,1,FFGALGLKGK
268,1,1,NVVQIY
269,1,1,FGFHFSFDF
270,1,1,IKVAV
271,1,1,GGGGGGDD
272,1,1,LLLLLLDD
273,1,1,IIIIIIKK
274,1,1,KFKFQF
275,1,1,KIKIQINM
276,0,1,KLDLKLDLKLDL
277,1,1,FFGPAGLKGK
278,1,1,LIVAAD
279,1,1,LIVAGE
280,1,1,AIVAGS
281,1,1,LIVAD
282,1,1,NYNYNYN
283,1,1,SYSSYS
284,1,1,CKIKIQI
285,1,1,KIKQIINM
286,1,1,KIKQIINMWQ
287,1,1,YTIAALLSPYS
288,1,1,VTVIIE
289,1,1,STVNIE
290,1,1,STVIIY
291,1,1,SSVIIE
292,1,1,SMVIIE
293,1,1,SGVIIE
294,0,1,DTVIIE
295,0,1,NHVTLS
296,0,1,KDWSFY
297,1,1,VEALYL
298,1,1,FLVHSS
299,1,1,VKVEV
300,1,1,RWLDY
301,1,0,SWVIIE
302,0,0,STVSIE
303,0,0,STVPIE
304,1,0,STVMIE
305,0,0,STVIPE
306,0,0,STVILE
307,1,0,STVIGE
308,0,0,STVIDE
309,1,0,STVIAE
310,0,0,STMIIE
311,0,0,KTVIVE
312,0,0,YYTEFT
313,0,0,VKWDRD
314,0,0,TEFTPT
315,0,0,SRHPAE
316,0,0,SGFHPS
317,0,0,LSQPKI
318,0,0,KWDRDM
319,1,0,RGFFYT
320,0,0,GSHLVE
321,1,0,GFFYTP
322,1,0,VKVKV
323,0,0,KVKVK
324,0,0,WKPYY
