,preds,labels,feature
0,1,1,AEAEAEAEAKAKAKAK
1,0,1,AILSS
2,1,1,GGGGGGGGGGDD
3,1,1,NININI
4,1,1,CKAKAQANM
5,1,1,CKAKAQANMWQ
6,1,1,FTISD
7,1,1,FFALGLAGKK
8,0,1,WRWRWR
9,1,1,FFGAAGLDGD
10,1,1,FKFEFKFEFKFE
11,1,1,AAAAAAAAAAAARR
12,1,1,VVVVVVDD
13,1,1,FFVDF
14,1,1,FFPLGLAGDD
15,1,1,RADARADARADARADA
16,1,1,GGGGGGDD
17,1,1,PRFRFRFRF
18,1,1,LLLLLLDD
19,1,1,KFKFQFNMWQ
20,1,1,KIKIQINMWQ
21,1,1,KKKIIIVVVAAAGGG
22,1,1,VVVGGGIIIAAAKKK
23,1,1,IVD
24,1,1,NYNYNYN
25,1,1,QYQYQYQ
26,1,1,GYGYGYG
27,1,1,CKIKIQIN
28,1,1,CKIKQIINM
29,1,1,KASAKAEAKAEAKASA
30,1,1,KIKQIINM
31,1,1,SYVIIE
32,1,1,SVVIIE
33,1,1,STVIIY
34,1,1,STVIII
35,0,1,STLIIE
36,0,1,STFIIE
37,1,1,SQVIIE
38,1,1,NTVIIE
39,1,1,FTVIIE
40,0,1,ETVIIE
41,0,1,FLVHSS
42,1,1,KKSLSLSLSLSLSLKK
43,1,1,KFFFE
44,1,1,SYCGY
45,0,1,RWLDY
46,0,0,RITTR
47,0,0,TTSGHTDTT
48,0,0,KIKQII
49,0,0,STVQIE
50,0,0,STVINE
51,0,0,STVILE
52,0,0,KTVIYE
53,1,0,YYTEFT
54,0,0,WSFYLL
55,0,0,VTLSQP
56,1,0,SDLSFS
57,0,0,PSDIEV
58,0,0,PKIQVY
59,1,0,NGKSNF
60,0,0,LKNGER
61,0,0,KWDRDM
62,0,0,IQRTPK
63,0,0,ERIEKV
64,0,0,DLLKNG
65,1,0,DIEVDL
66,1,0,FVNQHL
67,1,0,LIAGFN
68,0,0,DPDPD
69,0,0,YEPYK
70,1,1,NNQQNY
71,0,1,EFFAAE
72,1,1,QQEFQWQFRQQ
73,0,1,VQIVYK
74,1,1,FFKLVFF
75,0,1,LDFPI
76,1,1,AAAAAAK
77,1,1,GGGGGGGGDD
78,1,1,RARADADARARADADA
79,1,1,AAVVLLLWEEEEEEE
80,1,1,FFGALGLDGD
81,1,1,KLVFF
82,1,1,GFFL
83,1,1,GAVILRR
84,1,1,LLLLLLKK
85,1,1,NVQVVY
86,1,1,IKVAV
87,0,1,FGFDP
88,1,1,GAIL
89,1,1,KYF
90,1,1,FFGPAGLKGK
91,1,1,KKKGGGAAAVVVIII
92,1,1,LAVAGD
93,1,1,LIVAD
94,1,1,IVAD
95,1,1,SYSYSYS
96,1,1,SYSSYS
97,1,1,CKAKAQA
98,1,1,MKIKIQI
99,1,1,RATARAEARATARAEA
100,0,1,QMAVHV
101,1,1,YTVIIE
102,0,1,STVYIE
103,0,1,STVNIE
104,0,1,STVIIT
105,1,1,STVIIS
106,1,1,STVIIL
107,1,1,STVIIF
108,1,1,STVIID
109,0,1,STVEIE
110,1,1,SLVIIE
111,1,1,SGVIIE
112,0,1,SDVIIE
113,1,1,ITVIIE
114,0,1,KIVKWD
115,1,1,LVEALY
116,1,1,AAVVLLLW
117,1,1,FKFEF
118,0,1,VKVEV
119,1,1,KFAFD
120,0,0,PFTTR
121,0,0,AGAHASADA
122,0,0,STYIIE
123,0,0,STVVIE
124,0,0,STVSIE
125,0,0,STVPIE
126,0,0,STVISE
127,0,0,STVGIE
128,0,0,STPIIE
129,1,0,SPVIIE
130,0,0,KTVLIE
131,0,0,KTVIIE
132,1,0,VKWDRD
133,0,0,RVNHVT
134,0,0,PTEKDE
135,1,0,KVEHSD
136,1,0,KSNFLN
137,0,0,SLYQLE
138,1,0,SHLVEA
139,0,0,GSHLVE
140,1,0,GERGFF
141,0,0,FYTPKT
142,0,0,EALYLV
143,0,0,YTEYK
144,0,1,GGGGDD
145,1,1,GFFLGLDD
146,1,1,CEIEIQI
147,1,1,CEIEIQINM
148,1,1,KFFAAK
149,1,1,WRWRWRWR
150,1,1,CKFKFQFNMWQ
151,1,1,AAVVLLLWEE
152,1,1,CKIKIQINMWQ
153,1,1,CSISIQINM
154,1,1,FFGAAGLKGK
155,1,1,NVVVVY
156,0,1,SFSFSF
157,1,1,YFTEF
158,1,1,AEAEAKAKAEAEAKAK
159,1,1,FFPLGLAGKK
160,1,1,FFSGHFDFF
161,1,1,GFIL
162,0,1,RFRFRFRF
163,0,1,KFKFQF
164,1,1,KFKFQFN
165,1,1,IIIVVVAAAGGGKKK
166,1,1,ILVAGD
167,1,1,LIVAGS
168,1,1,ILVAGS
169,1,1,AIVAGS
170,1,1,CKFKFQFNM
171,1,1,CKIKQII
172,1,1,CKIKQIINMWQ
173,1,1,SAEAKAEAKAEASAEA
174,1,1,YTIAALLSPYS
175,1,1,WTVIIE
176,1,1,VTVIIE
177,0,1,STVIYE
178,0,1,STVIIW
179,1,1,STVIIA
180,0,1,STVFIE
181,0,1,STNIIE
182,1,1,SSVIIE
183,1,1,SIVIIE
184,0,1,QTVIIE
185,0,1,GTVIIE
186,1,1,ATVIIE
187,0,1,NHVTLS
188,0,1,KDWSFY
189,0,1,VEALYL
190,1,1,VVVVV
191,1,1,KWEFY
192,1,1,FKIDF
193,1,1,KFFDY
194,0,0,RITWI
195,1,0,VKVKVKVK
196,0,0,STVITE
197,0,0,STVIGE
198,0,0,STVDIE
199,0,0,STTIIE
200,1,0,STIIIE
201,0,0,STGIIE
202,0,0,STAIIE
203,0,0,KTVIIT
204,0,0,SGFHPS
205,0,0,NGERIE
206,0,0,LSQPKI
207,0,0,FTPTEK
208,0,0,FHPSDI
209,0,0,AENGKS
210,0,0,NLGPVL
211,0,0,RVSVD
212,1,0,VKVKV
213,0,0,WKPYY
214,0,0,PTPCY
215,0,0,EPYYK
216,0,0,YDPKY
217,0,0,KDPYY
218,1,1,GGVVIA
219,1,1,FKFEFKFE
220,1,1,NFGAIL
221,1,1,YYACAYY
222,1,1,FAGFT
223,1,1,WRWRWRWRWR
224,1,1,KLVFFAE
225,1,1,FFGALGLKGK
226,1,1,FFGPLGLDGD
227,1,1,NVVQIY
228,1,1,VEVE
229,1,1,VVVVVVKK
230,1,1,YVNAKQYYRILKRRY
231,1,1,FGAIL
232,1,1,VVVVVVD
233,1,1,IIIK
234,1,1,LIVGD
235,1,1,IIIIIIKK
236,1,1,KAKAQAN
237,1,1,KAKAQANMWQ
238,1,1,KFG
239,1,1,FFGPLGLKGK
240,1,1,GGGAAAVVVIIIKKK
241,1,1,KKKAAAIIIGGGVVV
242,1,1,LIVAGD
243,1,1,LIVAGK
244,1,1,LIVAGT
245,1,1,IID
246,1,1,MEMEMKMKMEMEMKMK
247,1,1,NYNNYN
248,1,1,KIKQIINMWQ
249,0,1,PPPPPPPPPPRRR
250,1,1,MKFKFQF
251,1,1,RADARADFRADARADA
252,1,1,RATARAEFRATARAEA
253,1,1,TTVIIE
254,1,1,STVTIE
255,1,1,STVIIV
256,1,1,STVIIQ
257,0,1,STVIFE
258,1,1,STSIIE
259,1,1,SFVIIE
260,1,1,SEVIIE
261,1,1,LTVIIE
262,1,1,DTVIIE
263,1,1,VKVFF
264,1,1,FFEKF
265,1,1,KWMDF
266,0,0,KAAGG
267,1,0,QIMRW
268,1,0,SWVIIE
269,1,0,STVIWE
270,0,0,STVIVE
271,0,0,STVIPE
272,1,0,STVIIP
273,0,0,STVIEE
274,1,0,STVIAE
275,1,0,STVAIE
276,0,0,KTVIVE
277,0,0,SRHPAE
278,1,0,LSFSKD
279,1,0,IQVYSR
280,0,0,HPAENG
281,0,0,FSKDWS
282,1,0,YQLENY
283,1,0,RGFFYT
284,1,0,HLVEAL
285,1,0,GFFYTP
286,1,0,KKFDD
287,0,0,KVKVK
288,1,0,KDHFY
289,1,1,YVIFL
290,1,1,CEIEIQINMWQ
291,1,1,ISDNL
292,1,1,FFVLK
293,1,1,CSISIQI
294,1,1,GFFLG
295,1,1,AAAAAAD
296,1,1,YVVFV
297,0,1,ITSVV
298,1,1,VVEE
299,1,1,FFGPAGLDGD
300,1,1,DFY
301,1,1,YVVFL
302,1,1,VVVVVVK
303,0,1,SSTSAA
304,1,1,GNNQQNY
305,1,1,FGFHFSFDF
306,1,1,WVNAKQYWRILKRRW
307,1,1,NNVVNY
308,0,1,KAKAQA
309,1,1,KIKIQINM
310,1,1,KLDLKLDLKLDL
311,1,1,LIVAAD
312,1,1,AIVAGD
313,1,1,LIVAGE
314,1,1,AIVAGT
315,1,1,QYQQYQ
316,1,1,LFF
317,1,1,AAKAAAKAAAKAAAKA
318,1,1,CKFKFQF
319,1,1,CKIKIQI
320,1,1,RADFRADARADARADA
321,1,1,NFGSVQ
322,1,1,YFCFY
323,0,1,STVWIE
324,1,1,STVLIE
325,1,1,STVIIN
326,1,1,STVIIM
327,1,1,STVIIE
328,1,1,STQIIE
329,0,1,STEIIE
330,1,1,SNVIIE
331,1,1,SMVIIE
332,1,1,SAVIIE
333,1,1,MTVIIE
334,0,1,LLYYTE
335,1,1,FYLLYY
336,1,1,LYQLEN
337,0,0,PLVKA
338,0,0,TGTHTSTDT
339,0,0,AASGHADAA
340,0,0,KIKIQI
341,0,0,STVMIE
342,0,0,STVIQE
343,0,0,STVIME
344,0,0,STVIDE
345,0,0,STMIIE
346,0,0,STDIIE
347,1,0,PTVIIE
348,0,0,YVSGFH
349,0,0,VYSRHP
350,0,0,TEFTPT
351,0,0,RTPKIQ
352,0,0,QPKIVK
353,0,0,IEKVEH
354,0,0,EVDLLK
355,0,0,EKDEYA
356,0,0,EHSDLS
357,1,0,FFYTPK
358,1,0,ERGFFY
359,0,0,PPPHY
