,preds,labels,feature
0,0,1,AEAEAEAEAKAKAKAK
1,1,1,GGGGGGGGGGDD
2,1,1,CKAKAQANM
3,1,1,CKAKAQANMWQ
4,1,1,FFALGLAGKK
5,1,1,FFGAAGLDGD
6,1,1,FKFEFKFEFKFE
7,1,1,AAAAAAAAAAAARR
8,1,1,FFPLGLAGDD
9,1,1,RADARADARADARADA
10,1,1,PRFRFRFRF
11,1,1,KFKFQFNMWQ
12,1,1,KIKIQINMWQ
13,1,1,VKVRVRVRVPPTRVRVRVKV
14,1,1,VRVRVRVRVPPTRVRVRVRV
15,1,1,KKKIIIVVVAAAGGG
16,1,1,VVVGGGIIIAAAKKK
17,1,1,CKIKQIINM
18,1,1,KASAKAEAKAEAKASA
19,0,1,KKSLSLSLSLSLSLKK
20,0,0,TTSGHTDTT
21,1,1,QQEFQWQFRQQ
22,1,1,GGGGGGGGDD
23,1,1,RARADADARARADADA
24,1,1,AAVVLLLWEEEEEEE
25,1,1,FFGALGLDGD
26,1,1,FFGPAGLKGK
27,0,1,KKKGGGAAAVVVIII
28,1,1,RATARAEARATARAEA
29,1,0,AGAHASADA
30,1,1,CEIEIQINM
31,1,1,CKFKFQFNMWQ
32,1,1,AAVVLLLWEE
33,1,1,CKIKIQINMWQ
34,1,1,CSISIQINM
35,1,1,FFGAAGLKGK
36,1,1,AEAEAKAKAEAEAKAK
37,1,1,FFPLGLAGKK
38,1,1,FFSGHFDFF
39,1,1,IIIVVVAAAGGGKKK
40,1,1,CKFKFQFNM
41,1,1,CKIKQIINMWQ
42,1,1,SAEAKAEAKAEASAEA
43,1,1,YTIAALLSPYS
44,1,1,WRWRWRWRWR
45,1,1,FFGALGLKGK
46,1,1,FFGPLGLDGD
47,1,1,YVNAKQYYRILKRRY
48,1,1,KAKAQANMWQ
49,1,1,FFGPLGLKGK
50,0,1,VKVKVKVRVPPTRVKVKVKV
51,1,1,GGGAAAVVVIIIKKK
52,1,1,KKKAAAIIIGGGVVV
53,0,1,MEMEMKMKMEMEMKMK
54,1,1,KIKQIINMWQ
55,0,1,PPPPPPPPPPRKKRRQRRR
56,0,1,PPPPPPPPPPRRR
57,1,1,RADARADFRADARADA
58,1,1,RATARAEFRATARAEA
59,1,1,CEIEIQINMWQ
60,1,1,FFGPAGLDGD
61,1,1,FGFHFSFDF
62,1,1,WVNAKQYWRILKRRW
63,1,1,KLDLKLDLKLDL
64,1,1,VKVKVRVRVPPTRVRVKVKV
65,1,1,AAKAAAKAAAKAAAKA
66,1,1,RADFRADARADARADA
67,0,0,TGTHTSTDT
68,1,0,AASGHADAA
