,preds,labels,feature
0,1,1,YVIFL
1,1,1,YYACAYY
2,1,1,AAVVLLLWEE
3,1,1,CSISIQI
4,1,1,GFFLG
5,1,1,AAAAAAD
6,1,1,FFGAAGLDGD
7,1,1,WRWRWRWRWR
8,1,1,GAVILRR
9,1,1,FFGPLGLDGD
10,0,1,SSTSAA
11,1,1,VVVVVVKK
12,1,1,NVQVVY
13,1,1,GFIL
14,1,1,GAIL
15,1,1,ILVAGS
16,1,1,IVAD
17,1,1,QYQYQYQ
18,1,1,NYNNYN
19,1,1,CKAKAQA
20,1,1,CKIKIQIN
21,1,1,CKIKQIINM
22,0,1,QMAVHV
23,1,1,YFCFY
24,1,1,STVIIT
25,1,1,STVIIL
26,1,1,STVIIE
27,1,1,STVIID
28,1,1,STVFIE
29,1,1,STVEIE
30,1,1,STQIIE
31,1,1,SQVIIE
32,1,1,SMVIIE
33,1,1,SIVIIE
34,1,1,NTVIIE
35,1,1,ITVIIE
36,1,1,GTVIIE
37,1,1,ATVIIE
38,1,1,VVVVV
39,1,1,FKIDF
40,0,0,PLVKA
41,1,0,STVPIE
42,1,0,STVMIE
43,0,0,STVIEE
44,1,0,STVGIE
45,1,0,STVDIE
46,0,0,STTIIE
47,1,0,STMIIE
48,1,0,STIIIE
49,1,0,KTVIYE
50,0,0,YYTEFT
51,0,0,VYSRHP
52,0,0,LSQPKI
53,0,0,KVEHSD
54,0,0,IQRTPK
55,0,0,HPAENG
56,0,0,DIEVDL
57,0,0,GSHLVE
58,0,0,EALYLV
59,1,0,NLGPVL
60,1,0,LIAGFN
61,1,0,DPDPD
62,0,0,YTEYK
63,0,0,YEPYK
64,0,1,AILSS
65,1,1,NFGAIL
66,0,1,WRWRWR
67,1,1,FFGALGLDGD
68,1,1,SFSFSF
69,1,1,KLVFFAE
70,1,1,NVVQIY
71,1,1,YVVFL
72,1,1,FFVDF
73,0,1,FGAIL
74,1,1,FGFHFSFDF
75,1,1,PRFRFRFRF
76,1,1,LLLLLLDD
77,1,1,KAKAQANMWQ
78,1,1,KFKFQFN
79,1,1,KFKFQFNMWQ
80,1,1,FFGPAGLKGK
81,1,1,LAVAGD
82,1,1,AIVAGS
83,1,1,GYGYGYG
84,1,1,QYQQYQ
85,1,1,CKFKFQFNM
86,1,1,CKIKQII
87,1,1,WTVIIE
88,0,1,STVWIE
89,0,1,STVTIE
90,0,1,STVNIE
91,0,1,STVIYE
92,1,1,STVIIY
93,1,1,STVIIV
94,1,1,STVIII
95,0,1,STSIIE
96,1,1,SGVIIE
97,1,1,MTVIIE
98,1,1,FTVIIE
99,0,1,LLYYTE
100,1,1,AAVVLLLW
101,1,1,FKFEF
102,1,1,KFFFE
103,1,1,KWEFY
104,1,1,KFFDY
105,0,0,KIKQII
106,1,0,SWVIIE
107,0,0,STVQIE
108,0,0,STVITE
109,0,0,STVIQE
110,0,0,STVIPE
111,1,0,STVIIP
112,0,0,STVIAE
113,0,0,KTVLIE
114,0,0,KTVIIE
115,1,0,YVSGFH
116,0,0,PTEKDE
117,0,0,PSDIEV
118,0,0,KSNFLN
119,0,0,FHPSDI
120,0,0,EKDEYA
121,0,0,AENGKS
122,1,0,RGFFYT
123,1,0,HLVEAL
124,1,0,GFFYTP
125,1,0,GERGFF
126,1,0,KKFDD
127,0,0,PTPCY
128,0,0,EPYYK
129,1,1,EFFAAE
130,1,1,GGVVIA
131,0,1,NININI
132,0,1,ISDNL
133,1,1,FTISD
134,1,1,FFKLVFF
135,1,1,LDFPI
136,1,1,FFVLK
137,1,1,AAAAAAK
138,1,1,GGGGGGGGDD
139,1,1,VVEE
140,1,1,KLVFF
141,1,1,FFGALGLKGK
142,1,1,YFTEF
143,1,1,VEVE
144,1,1,RFRFRFRF
145,0,1,LIVGD
146,1,1,KAKAQA
147,1,1,KIKIQINMWQ
148,1,1,FFGPLGLKGK
149,1,1,LIVAGD
150,1,1,ILVAGD
151,1,1,LIVAGE
152,1,1,LIVAGS
153,1,1,SYSYSYS
154,1,1,MKIKIQI
155,1,1,MKFKFQF
156,1,1,NFGSVQ
157,1,1,TTVIIE
158,0,1,STVYIE
159,1,1,STVIIW
160,1,1,STVIIF
161,1,1,SNVIIE
162,1,1,SFVIIE
163,1,1,DTVIIE
164,1,1,NHVTLS
165,1,1,LYQLEN
166,1,1,VKVFF
167,1,1,FFEKF
168,0,0,RITTR
169,1,0,RITWI
170,0,0,TTSGHTDTT
171,1,0,AASGHADAA
172,1,0,STVSIE
173,0,0,STVIWE
174,0,0,STVIVE
175,0,0,STVISE
176,0,0,STPIIE
177,0,0,STGIIE
178,0,0,STAIIE
179,0,0,KTVIVE
180,0,0,TEFTPT
181,0,0,SRHPAE
182,0,0,SDLSFS
183,0,0,RVNHVT
184,0,0,PKIQVY
185,1,0,NGKSNF
186,0,0,LKNGER
187,1,0,IQVYSR
188,1,0,FSKDWS
189,1,0,RVSVD
190,0,0,PPPHY
191,0,0,KDPYY
192,0,1,GGGGDD
193,1,1,CEIEIQI
194,1,1,CEIEIQINM
195,1,1,KFFAAK
196,1,1,CSISIQINM
197,1,1,YVVFV
198,1,1,FFGAAGLKGK
199,0,1,ITSVV
200,1,1,VVVVVVDD
201,1,1,FFPLGLAGKK
202,1,1,FFSGHFDFF
203,1,1,VVVVVVD
204,0,1,GGGGGGDD
205,1,1,IIIK
206,1,1,NNVVNY
207,1,1,KAKAQAN
208,0,1,KFKFQF
209,1,1,AIVAGD
210,1,1,AIVAGT
211,1,1,NYNYNYN
212,1,1,SYSSYS
213,1,1,CKIKIQI
214,1,1,KIKQIINMWQ
215,0,1,YTVIIE
216,1,1,VTVIIE
217,1,1,SYVIIE
218,0,1,STVLIE
219,1,1,STVIIS
220,1,1,STVIIQ
221,1,1,STVIIN
222,1,1,STVIIM
223,0,1,STVIFE
224,0,1,STNIIE
225,1,1,SLVIIE
226,1,1,SEVIIE
227,1,1,SDVIIE
228,1,1,SAVIIE
229,1,1,LTVIIE
230,0,1,KDWSFY
231,0,1,FLVHSS
232,1,1,KFAFD
233,0,0,KAAGG
234,0,0,PFTTR
235,0,0,STVVIE
236,0,0,STVILE
237,0,0,STVIDE
238,0,0,STDIIE
239,1,0,SPVIIE
240,0,0,PTVIIE
241,1,0,VKWDRD
242,0,0,SGFHPS
243,0,0,QPKIVK
244,1,0,LSFSKD
245,0,0,KWDRDM
246,0,0,FTPTEK
247,0,0,ERIEKV
248,0,0,EHSDLS
249,0,0,SLYQLE
250,1,0,SHLVEA
251,0,0,FVNQHL
252,1,0,ERGFFY
253,1,0,VKVKV
254,0,0,KVKVK
255,1,1,GFFLGLDD
256,1,1,NNQQNY
257,1,1,FKFEFKFE
258,1,1,WRWRWRWR
259,1,1,CKAKAQANM
260,0,1,VQIVYK
261,1,1,FFALGLAGKK
262,1,1,FAGFT
263,1,1,GFFL
264,1,1,NVVVVY
265,1,1,FFGPAGLDGD
266,1,1,LLLLLLKK
267,1,1,VVVVVVK
268,1,1,FFPLGLAGDD
269,1,1,GNNQQNY
270,1,1,IKVAV
271,0,1,FGFDP
272,1,1,IIIIIIKK
273,1,1,KIKIQINM
274,1,1,LIVAAD
275,1,1,LIVAGK
276,1,1,LIVAGT
277,1,1,LIVAD
278,1,1,CKFKFQF
279,1,1,KIKQIINM
280,1,1,SVVIIE
281,1,1,STVIIA
282,0,1,STLIIE
283,0,1,STFIIE
284,1,1,STEIIE
285,1,1,SSVIIE
286,1,1,QTVIIE
287,1,1,ETVIIE
288,0,1,KIVKWD
289,1,1,FYLLYY
290,1,1,VEALYL
291,1,1,LVEALY
292,0,1,VKVEV
293,1,1,SYCGY
294,0,1,RWLDY
295,0,1,KWMDF
296,1,0,QIMRW
297,1,0,TGTHTSTDT
298,1,0,AGAHASADA
299,0,0,KIKIQI
300,0,0,VKVKVKVK
301,0,0,STYIIE
302,1,0,STVINE
303,1,0,STVIME
304,1,0,STVIGE
305,1,0,STVAIE
306,1,0,KTVIIT
307,0,0,WSFYLL
308,0,0,VTLSQP
309,0,0,RTPKIQ
310,1,0,NGERIE
311,0,0,IEKVEH
312,0,0,EVDLLK
313,0,0,DLLKNG
314,0,0,YQLENY
315,0,0,FYTPKT
316,0,0,FFYTPK
317,0,0,WKPYY
318,1,0,KDHFY
319,1,0,YDPKY
