,preds,labels,feature
0,1,1,NNQQNY
1,1,1,EFFAAE
2,1,1,QQEFQWQFRQQ
3,0,1,VQIVYK
4,1,1,FFKLVFF
5,1,1,LDFPI
6,1,1,AAAAAAK
7,1,1,GGGGGGGGDD
8,1,1,RARADADARARADADA
9,1,1,AAVVLLLWEEEEEEE
10,1,1,FFGALGLDGD
11,1,1,KLVFF
12,1,1,GAVILRR
13,1,1,LLLLLLKK
14,1,1,NVQVVY
15,1,1,IKVAV
16,0,1,FGFDP
17,1,1,FFGPAGLKGK
18,0,1,KKKGGGAAAVVVIII
19,1,1,LAVAGD
20,1,1,LIVAD
21,1,1,SYSYSYS
22,1,1,SYSSYS
23,1,1,CKAKAQA
24,1,1,MKIKIQI
25,1,1,RATARAEARATARAEA
26,0,1,QMAVHV
27,1,1,YTVIIE
28,1,1,STVYIE
29,1,1,STVNIE
30,1,1,STVIIT
31,1,1,STVIIS
32,1,1,STVIIL
33,1,1,STVIIF
34,1,1,STVIID
35,1,1,STVEIE
36,1,1,SLVIIE
37,1,1,SGVIIE
38,1,1,SDVIIE
39,1,1,ITVIIE
40,0,1,KIVKWD
41,1,1,LVEALY
42,1,1,AAVVLLLW
43,1,1,FKFEF
44,0,1,VKVEV
45,1,1,KFAFD
46,0,0,PFTTR
47,1,0,AGAHASADA
48,1,0,STYIIE
49,1,0,STVVIE
50,1,0,STVSIE
51,0,0,STVPIE
52,0,0,STVISE
53,0,0,STVGIE
54,0,0,STPIIE
55,0,0,SPVIIE
56,0,0,KTVLIE
57,0,0,KTVIIE
58,0,0,VKWDRD
59,0,0,RVNHVT
60,0,0,PTEKDE
61,0,0,KVEHSD
62,0,0,KSNFLN
63,0,0,SLYQLE
64,0,0,SHLVEA
65,0,0,GSHLVE
66,0,0,GERGFF
67,0,0,FYTPKT
68,1,0,EALYLV
69,0,0,YTEYK
