,preds,labels,feature
0,1,1,GFFLGLDD
1,1,1,CKIKIQINMWQ
2,1,1,AAAAAAK
3,1,1,CSISIQINM
4,1,1,GGGGGGGGDD
5,1,1,FFGALGLDGD
6,1,1,GAVILRR
7,1,1,LLLLLLKK
8,1,1,VVVVVVD
9,1,1,PRFRFRFRF
10,1,1,FFGPLGLKGK
11,1,1,GGGAAAVVVIIIKKK
12,1,1,GYGYGYG
13,1,1,CKFKFQF
14,1,1,CKIKQIINMWQ
15,1,1,MKIKIQI
16,1,1,PPPPPPPPPPRRR
17,0,0,VKVKVKVK
18,1,1,GGGGGGGGGGDD
19,1,1,CEIEIQINMWQ
20,1,1,YYACAYY
21,1,1,CKFKFQFNMWQ
22,1,1,FFGAAGLDGD
23,1,1,AAVVLLLWEEEEEEE
24,1,1,FFGAAGLKGK
25,1,1,KLVFFAE
26,1,1,FFGPLGLDGD
27,1,1,YVNAKQYYRILKRRY
28,1,1,WVNAKQYWRILKRRW
29,1,1,KAKAQAN
30,1,1,KFKFQFNMWQ
31,1,1,KKKIIIVVVAAAGGG
32,1,1,KKKAAAIIIGGGVVV
33,0,1,SYSYSYS
34,1,1,CKIKQII
35,1,1,MKFKFQF
36,0,0,TGTHTSTDT
37,1,0,AGAHASADA
38,1,1,CEIEIQINM
39,1,1,CKAKAQANM
40,1,1,CSISIQI
41,1,1,FFALGLAGKK
42,1,1,AAAAAAD
43,1,1,FFGPAGLDGD
44,1,1,AAAAAAAAAAAARR
45,1,1,VVVVVVDD
46,1,1,GNNQQNY
47,1,1,FFPLGLAGKK
48,1,1,FFSGHFDFF
49,1,1,KAKAQANMWQ
50,1,1,KIKIQINMWQ
51,0,1,KKKGGGAAAVVVIII
52,1,1,VVVGGGIIIAAAKKK
53,1,1,IIIVVVAAAGGGKKK
54,1,1,CKIKQIINM
55,1,1,AAVVLLLW
56,1,1,FFKLVFF
57,1,1,FKFEFKFEFKFE
58,1,1,VVVVVVK
59,1,1,VVVVVVKK
60,1,1,FFPLGLAGDD
61,1,1,RFRFRFRF
62,1,1,KFKFQFN
63,1,1,QYQYQYQ
64,1,1,CKAKAQA
65,1,1,CKFKFQFNM
66,1,1,CKIKIQIN
67,0,0,TTSGHTDTT
68,0,0,AASGHADAA
69,1,1,CEIEIQI
70,1,1,FKFEFKFE
71,1,1,QQEFQWQFRQQ
72,1,1,WRWRWRWR
73,1,1,CKAKAQANMWQ
74,1,1,AAVVLLLWEE
75,1,1,WRWRWRWRWR
76,1,1,FFGALGLKGK
77,1,1,FGFHFSFDF
78,1,1,GGGGGGDD
79,1,1,LLLLLLDD
80,1,1,IIIIIIKK
81,1,1,KIKIQINM
82,0,1,KLDLKLDLKLDL
83,1,1,FFGPAGLKGK
84,1,1,NYNYNYN
85,1,1,CKIKIQI
86,1,1,KIKQIINM
87,1,1,KIKQIINMWQ
88,1,1,YTIAALLSPYS
