,preds,labels,feature
0,1,1,QQEFQWQFRQQ
1,1,1,YYACAYY
2,1,1,CKFKFQFNMWQ
3,1,1,AAVVLLLWEE
4,1,1,CSISIQI
5,1,1,AAAAAAD
6,1,1,FFGAAGLDGD
7,0,1,WRWRWRWRWR
8,1,1,GAVILRR
9,1,1,FFGPLGLDGD
10,1,1,FKFEFKFEFKFE
11,0,1,SSTSAA
12,1,1,VVVVVVKK
13,0,1,NVQVVY
14,1,1,ILVAGS
15,1,1,QYQYQYQ
16,1,1,NYNNYN
17,1,1,CKAKAQA
18,1,1,CKIKIQIN
19,1,1,CKIKQIINM
20,0,1,QMAVHV
21,1,1,STVIIT
22,1,1,STVIIL
23,0,1,STVIIE
24,1,1,STVIID
25,1,1,STVFIE
26,0,1,STVEIE
27,0,1,STQIIE
28,1,1,SQVIIE
29,1,1,SMVIIE
30,1,1,SIVIIE
31,1,1,NTVIIE
32,1,1,ITVIIE
33,1,1,GTVIIE
34,1,1,ATVIIE
35,0,0,STVPIE
36,0,0,STVMIE
37,0,0,STVIEE
38,0,0,STVGIE
39,0,0,STVDIE
40,0,0,STTIIE
41,0,0,STMIIE
42,0,0,STIIIE
43,0,0,KTVIYE
44,0,0,YYTEFT
45,0,0,VYSRHP
46,0,0,LSQPKI
47,0,0,KVEHSD
48,0,0,IQRTPK
49,0,0,HPAENG
50,0,0,DIEVDL
51,0,0,GSHLVE
52,0,0,EALYLV
53,1,0,NLGPVL
54,1,0,LIAGFN
55,1,1,NFGAIL
56,0,1,WRWRWR
57,1,1,FFGALGLDGD
58,1,1,SFSFSF
59,1,1,KLVFFAE
60,1,1,NVVQIY
61,1,1,FGFHFSFDF
62,1,1,PRFRFRFRF
63,1,1,LLLLLLDD
64,1,1,KAKAQANMWQ
65,1,1,KFKFQFN
66,1,1,KFKFQFNMWQ
67,0,1,KLDLKLDLKLDL
68,1,1,FFGPAGLKGK
69,1,1,LAVAGD
70,1,1,AIVAGS
71,1,1,GYGYGYG
72,1,1,QYQQYQ
73,1,1,CKFKFQFNM
74,1,1,CKIKQII
75,1,1,CKIKQIINMWQ
76,1,1,WTVIIE
77,0,1,STVWIE
78,0,1,STVTIE
79,1,1,STVNIE
80,0,1,STVIYE
81,1,1,STVIIY
82,1,1,STVIIV
83,1,1,STVIII
84,0,1,STSIIE
85,1,1,SGVIIE
86,1,1,MTVIIE
87,1,1,FTVIIE
88,0,1,LLYYTE
89,1,1,AAVVLLLW
90,1,0,KIKQII
91,1,0,SWVIIE
92,0,0,STVQIE
93,0,0,STVITE
94,0,0,STVIQE
95,0,0,STVIPE
96,1,0,STVIIP
97,0,0,STVIAE
98,1,0,KTVLIE
99,1,0,KTVIIE
100,0,0,YVSGFH
101,0,0,PTEKDE
102,0,0,PSDIEV
103,0,0,KSNFLN
104,0,0,FHPSDI
105,0,0,EKDEYA
106,0,0,AENGKS
107,0,0,RGFFYT
108,1,0,HLVEAL
109,1,0,GFFYTP
110,1,0,GERGFF
111,1,1,EFFAAE
112,1,1,GGVVIA
113,0,1,NININI
114,1,1,FFKLVFF
115,1,1,AAAAAAK
116,1,1,GGGGGGGGDD
117,1,1,FFGALGLKGK
118,1,1,RFRFRFRF
119,1,1,KAKAQA
120,1,1,KIKIQINMWQ
121,1,1,FFGPLGLKGK
122,1,1,LIVAGD
123,1,1,ILVAGD
124,1,1,LIVAGE
125,1,1,LIVAGS
126,1,1,SYSYSYS
127,1,1,MKIKIQI
128,0,1,PPPPPPPPPPRRR
129,1,1,MKFKFQF
130,1,1,NFGSVQ
131,1,1,YTIAALLSPYS
132,0,1,TTVIIE
133,0,1,STVYIE
134,1,1,STVIIW
135,1,1,STVIIF
136,1,1,SNVIIE
137,1,1,SFVIIE
138,0,1,DTVIIE
139,0,1,NHVTLS
140,1,1,LYQLEN
141,0,0,TTSGHTDTT
142,1,0,AASGHADAA
143,1,0,STVSIE
144,0,0,STVIWE
145,0,0,STVIVE
146,0,0,STVISE
147,0,0,STPIIE
148,1,0,STGIIE
149,0,0,STAIIE
150,0,0,KTVIVE
151,0,0,TEFTPT
152,0,0,SRHPAE
153,0,0,SDLSFS
154,0,0,RVNHVT
155,0,0,PKIQVY
156,0,0,NGKSNF
157,0,0,LKNGER
158,1,0,IQVYSR
159,0,0,FSKDWS
160,0,1,GGGGDD
161,1,1,CEIEIQI
162,1,1,CEIEIQINM
163,1,1,KFFAAK
164,1,1,CKAKAQANMWQ
165,1,1,CKIKIQINMWQ
166,1,1,CSISIQINM
167,1,1,FFGAAGLKGK
168,1,1,VVVVVVDD
169,1,1,FFPLGLAGKK
170,1,1,FFSGHFDFF
171,1,1,VVVVVVD
172,1,1,GGGGGGDD
173,1,1,NNVVNY
174,1,1,KAKAQAN
175,1,1,KFKFQF
176,1,1,AIVAGD
177,1,1,AIVAGT
178,1,1,NYNYNYN
179,1,1,SYSSYS
180,1,1,CKIKIQI
181,1,1,KIKQIINMWQ
182,0,1,YTVIIE
183,1,1,VTVIIE
184,1,1,SYVIIE
185,0,1,STVLIE
186,1,1,STVIIS
187,1,1,STVIIQ
188,1,1,STVIIN
189,1,1,STVIIM
190,0,1,STVIFE
191,0,1,STNIIE
192,1,1,SLVIIE
193,1,1,SEVIIE
194,1,1,SDVIIE
195,1,1,SAVIIE
196,1,1,LTVIIE
197,0,1,KDWSFY
198,0,1,FLVHSS
199,0,0,STVVIE
200,0,0,STVILE
201,0,0,STVIDE
202,0,0,STDIIE
203,1,0,SPVIIE
204,0,0,PTVIIE
205,1,0,VKWDRD
206,0,0,SGFHPS
207,0,0,QPKIVK
208,0,0,LSFSKD
209,0,0,KWDRDM
210,0,0,FTPTEK
211,0,0,ERIEKV
212,0,0,EHSDLS
213,0,0,SLYQLE
214,0,0,SHLVEA
215,0,0,FVNQHL
216,1,0,ERGFFY
217,1,1,GFFLGLDD
218,1,1,NNQQNY
219,1,1,GGGGGGGGGGDD
220,1,1,FKFEFKFE
221,1,1,CEIEIQINMWQ
222,1,1,WRWRWRWR
223,1,1,CKAKAQANM
224,1,1,VQIVYK
225,1,1,FFALGLAGKK
226,1,1,NVVVVY
227,1,1,FFGPAGLDGD
228,1,1,LLLLLLKK
229,1,1,VVVVVVK
230,1,1,FFPLGLAGDD
231,0,1,GNNQQNY
232,1,1,IIIIIIKK
233,1,1,KIKIQINM
234,1,1,LIVAAD
235,1,1,LIVAGK
236,1,1,LIVAGT
237,1,1,CKFKFQF
238,1,1,KIKQIINM
239,1,1,SVVIIE
240,1,1,STVIIA
241,0,1,STLIIE
242,0,1,STFIIE
243,0,1,STEIIE
244,1,1,SSVIIE
245,1,1,QTVIIE
246,0,1,ETVIIE
247,0,1,KIVKWD
248,1,1,FYLLYY
249,1,1,VEALYL
250,1,1,LVEALY
251,0,0,TGTHTSTDT
252,1,0,AGAHASADA
253,0,0,KIKIQI
254,0,0,VKVKVKVK
255,0,0,STYIIE
256,0,0,STVINE
257,0,0,STVIME
258,1,0,STVIGE
259,1,0,STVAIE
260,0,0,KTVIIT
261,0,0,WSFYLL
262,0,0,VTLSQP
263,0,0,RTPKIQ
264,1,0,NGERIE
265,0,0,IEKVEH
266,0,0,EVDLLK
267,0,0,DLLKNG
268,0,0,YQLENY
269,0,0,FYTPKT
270,1,0,FFYTPK
