,preds,labels,feature
0,1,1,GFFLGLDD
1,1,1,CKIKIQINMWQ
2,1,1,AAAAAAK
3,1,1,CSISIQINM
4,1,1,GGGGGGGGDD
5,1,1,FFGALGLDGD
6,1,1,GAVILRR
7,1,1,LLLLLLKK
8,1,1,VVVVVVD
9,1,1,PRFRFRFRF
10,1,1,FFGPLGLKGK
11,1,1,GYGYGYG
12,1,1,CKFKFQF
13,1,1,CKIKQIINMWQ
14,1,1,MKIKIQI
15,0,0,VKVKVKVK
16,1,1,GGGGGGGGGGDD
17,1,1,CEIEIQINMWQ
18,1,1,YYACAYY
19,1,1,CKFKFQFNMWQ
20,1,1,FFGAAGLDGD
21,1,1,FFGAAGLKGK
22,1,1,KLVFFAE
23,1,1,FFGPLGLDGD
24,1,1,KAKAQAN
25,1,1,KFKFQFNMWQ
26,1,1,SYSYSYS
27,1,1,CKIKQII
28,1,1,MKFKFQF
29,1,0,TGTHTSTDT
30,1,0,AGAHASADA
31,1,1,CEIEIQINM
32,1,1,CKAKAQANM
33,1,1,CSISIQI
34,1,1,FFALGLAGKK
35,1,1,AAAAAAD
36,1,1,FFGPAGLDGD
37,1,1,VVVVVVDD
38,1,1,GNNQQNY
39,1,1,FFPLGLAGKK
40,1,1,FFSGHFDFF
41,1,1,KAKAQANMWQ
42,1,1,KIKIQINMWQ
43,1,1,CKIKQIINM
44,1,1,AAVVLLLW
45,1,1,FFKLVFF
46,1,1,FKFEFKFEFKFE
47,1,1,VVVVVVK
48,1,1,VVVVVVKK
49,1,1,FFPLGLAGDD
50,0,1,RFRFRFRF
51,1,1,KFKFQFN
52,1,1,QYQYQYQ
53,0,1,CKAKAQA
54,1,1,CKFKFQFNM
55,1,1,CKIKIQIN
56,0,0,TTSGHTDTT
57,1,0,AASGHADAA
58,1,1,CEIEIQI
59,1,1,FKFEFKFE
60,1,1,QQEFQWQFRQQ
61,1,1,WRWRWRWR
62,1,1,CKAKAQANMWQ
63,1,1,AAVVLLLWEE
64,1,1,WRWRWRWRWR
65,1,1,FFGALGLKGK
66,1,1,FGFHFSFDF
67,0,1,GGGGGGDD
68,1,1,LLLLLLDD
69,1,1,IIIIIIKK
70,1,1,KIKIQINM
71,1,1,KLDLKLDLKLDL
72,1,1,FFGPAGLKGK
73,1,1,NYNYNYN
74,1,1,CKIKIQI
75,1,1,KIKQIINM
76,1,1,KIKQIINMWQ
77,1,1,YTIAALLSPYS
