,preds,labels,feature
0,1,1,QQEFQWQFRQQ
1,1,1,CKFKFQFNMWQ
2,1,1,AAVVLLLWEE
3,1,1,FFGAAGLDGD
4,0,1,WRWRWRWRWR
5,1,1,FFGPLGLDGD
6,1,1,FKFEFKFEFKFE
7,1,1,AEAEAKAKAEAEAKAK
8,1,1,YVNAKQYYRILKRRY
9,1,1,VRVRVRVRVPPTRVRVRVRV
10,1,1,KKKIIIVVVAAAGGG
11,1,1,VVVGGGIIIAAAKKK
12,1,1,CKIKQIINM
13,1,1,AAVVLLLWEEEEEEE
14,1,1,FFGALGLDGD
15,1,1,FGFHFSFDF
16,1,1,PRFRFRFRF
17,1,1,KAKAQANMWQ
18,1,1,KFKFQFNMWQ
19,0,1,KLDLKLDLKLDL
20,1,1,FFGPAGLKGK
21,1,1,VKVRVRVRVPPTRVRVRVKV
22,0,1,KKKGGGAAAVVVIII
23,1,1,CKFKFQFNM
24,1,1,CKIKQIINMWQ
25,1,1,KASAKAEAKAEAKASA
26,1,1,RADARADFRADARADA
27,1,1,AEAEAEAEAKAKAKAK
28,1,1,GGGGGGGGDD
29,1,1,RARADADARARADADA
30,1,1,FFGALGLKGK
31,1,1,WVNAKQYWRILKRRW
32,1,1,KIKIQINMWQ
33,1,1,FFGPLGLKGK
34,1,1,GGGAAAVVVIIIKKK
35,0,1,PPPPPPPPPPRRR
36,1,1,RADFRADARADARADA
37,1,1,RATARAEARATARAEA
38,1,1,SAEAKAEAKAEASAEA
39,1,1,YTIAALLSPYS
40,1,1,KKSLSLSLSLSLSLKK
41,0,0,TTSGHTDTT
42,1,0,AASGHADAA
43,1,1,CEIEIQINM
44,1,1,CKAKAQANMWQ
45,1,1,CKIKIQINMWQ
46,1,1,CSISIQINM
47,1,1,FFGAAGLKGK
48,1,1,FFPLGLAGKK
49,1,1,FFSGHFDFF
50,1,1,RADARADARADARADA
51,1,1,VKVKVRVRVPPTRVRVKVKV
52,1,1,IIIVVVAAAGGGKKK
53,0,1,MEMEMKMKMEMEMKMK
54,1,1,KIKQIINMWQ
55,1,1,RATARAEFRATARAEA
56,1,1,GGGGGGGGGGDD
57,1,1,CEIEIQINMWQ
58,1,1,CKAKAQANM
59,1,1,FFALGLAGKK
60,1,1,FFGPAGLDGD
61,1,1,AAAAAAAAAAAARR
62,1,1,FFPLGLAGDD
63,1,1,VKVKVKVRVPPTRVKVKVKV
64,1,1,KKKAAAIIIGGGVVV
65,1,1,AAKAAAKAAAKAAAKA
66,0,1,PPPPPPPPPPRKKRRQRRR
67,0,0,TGTHTSTDT
68,1,0,AGAHASADA
