,preds,labels,feature
0,1,1,AEAEAEAEAKAKAKAK
1,1,1,QEIARLEQEIARLEYEIARLE
2,1,1,GGGGGGGGGGDD
3,1,1,CKAKAQANM
4,1,1,CKAKAQANMWQ
5,1,1,FFALGLAGKK
6,1,1,FFGAAGLDGD
7,1,1,FKFEFKFEFKFE
8,1,1,AAAAAAAAAAAARR
9,1,1,VVVVVVDD
10,1,1,FFPLGLAGDD
11,1,1,RADARADARADARADA
12,1,1,GGGGGGDD
13,1,1,PRFRFRFRF
14,1,1,LLLLLLDD
15,1,1,KFKFQFNMWQ
16,1,1,KIKIQINMWQ
17,1,1,VKVRVRVRVPPTRVRVRVKV
18,1,1,VRVRVRVRVPPTRVRVRVRV
19,0,1,KKKIIIVVVAAAGGG
20,1,1,VVVGGGIIIAAAKKK
21,1,1,NYNYNYN
22,1,1,QYQYQYQ
23,1,1,GYGYGYG
24,1,1,CKIKIQIN
25,1,1,CKIKQIINM
26,1,1,KASAKAEAKAEAKASA
27,1,1,KIKQIINM
28,0,1,KKSLSLSLSLSLSLKK
29,0,0,TTSGHTDTT
30,1,1,QQEFQWQFRQQ
31,1,1,FFKLVFF
32,1,1,AAAAAAK
33,1,1,GGGGGGGGDD
34,1,1,RARADADARARADADA
35,1,1,AAVVLLLWEEEEEEE
36,1,1,FFGALGLDGD
37,1,1,GAVILRR
38,1,1,LLLLLLKK
39,1,1,FFGPAGLKGK
40,0,1,KKKGGGAAAVVVIII
41,1,1,SYSYSYS
42,1,1,CKAKAQA
43,1,1,MKIKIQI
44,1,1,RATARAEARATARAEA
45,1,1,AAVVLLLW
46,1,0,AGAHASADA
47,1,1,GFFLGLDD
48,1,1,CEIEIQI
49,1,1,CEIEIQINM
50,1,1,WRWRWRWR
51,1,1,CKFKFQFNMWQ
52,1,1,AAVVLLLWEE
53,1,1,CKIKIQINMWQ
54,1,1,CSISIQINM
55,1,1,FFGAAGLKGK
56,1,1,AEAEAKAKAEAEAKAK
57,1,1,FFPLGLAGKK
58,1,1,FFSGHFDFF
59,1,1,RFRFRFRF
60,1,1,KFKFQFN
61,1,1,IIIVVVAAAGGGKKK
62,1,1,CKFKFQFNM
63,1,1,CKIKQII
64,1,1,CKIKQIINMWQ
65,1,1,SAEAKAEAKAEASAEA
66,1,1,YTIAALLSPYS
67,0,0,VKVKVKVK
68,1,1,FKFEFKFE
69,1,1,YYACAYY
70,1,1,WRWRWRWRWR
71,1,1,KLVFFAE
72,1,1,FFGALGLKGK
73,1,1,FFGPLGLDGD
74,1,1,VVVVVVKK
75,1,1,YVNAKQYYRILKRRY
76,1,1,VVVVVVD
77,1,1,IIIIIIKK
78,1,1,KAKAQAN
79,1,1,KAKAQANMWQ
80,1,1,FFGPLGLKGK
81,0,1,VKVKVKVRVPPTRVKVKVKV
82,1,1,GGGAAAVVVIIIKKK
83,1,1,KKKAAAIIIGGGVVV
84,0,1,MEMEMKMKMEMEMKMK
85,1,1,KIKQIINMWQ
86,0,1,PPPPPPPPPPRKKRRQRRR
87,0,1,PPPPPPPPPPRRR
88,1,1,MKFKFQF
89,1,1,RADARADFRADARADA
90,1,1,RATARAEFRATARAEA
91,1,1,CEIEIQINMWQ
92,1,1,CSISIQI
93,1,1,AAAAAAD
94,1,1,FFGPAGLDGD
95,1,1,VVVVVVK
96,1,1,GNNQQNY
97,1,1,FGFHFSFDF
98,1,1,WVNAKQYWRILKRRW
99,1,1,KIKIQINM
100,1,1,KLDLKLDLKLDL
101,1,1,VKVKVRVRVPPTRVRVKVKV
102,1,1,AAKAAAKAAAKAAAKA
103,1,1,CKFKFQF
104,1,1,CKIKIQI
105,1,1,RADFRADARADARADA
106,0,0,TGTHTSTDT
107,1,0,AASGHADAA
108,1,0,VKVKVKVKVDPPTKVEVKVKV
